image: electricagray.png
resolution: 0.050000
origin: [-34.800000, -81.200000, 0.000000]
negate: 1
occupied_thresh: 0
free_thresh: 1

